
pool :	4	5	7	8	0	1	2	| SUM 
------------------------------------------------------------------------
osd.780	0	0	0	52	0	0	0	| 52
osd.740	0	0	0	63	0	0	0	| 63
osd.781	0	0	0	57	0	0	0	| 57
osd.741	0	0	0	48	0	0	0	| 48
osd.700	0	0	0	123	0	0	0	| 123
osd.782	0	0	0	56	0	0	0	| 56
osd.80	24	40	2	0	0	0	0	| 66
osd.742	0	0	0	66	0	0	0	| 66
osd.701	0	0	0	93	0	0	0	| 93
osd.783	0	0	0	60	0	0	0	| 60
osd.81	22	30	8	0	0	0	0	| 60
osd.40	51	77	10	0	0	0	0	| 138
osd.702	0	0	0	92	0	0	0	| 92
osd.784	0	0	0	36	0	0	0	| 36
osd.743	0	0	0	56	0	0	0	| 56
osd.41	56	71	7	0	0	0	0	| 134
osd.82	23	29	4	0	0	0	0	| 56
osd.744	0	0	0	61	0	0	0	| 61
osd.785	0	0	0	77	0	0	0	| 77
osd.703	0	0	0	119	0	0	0	| 119
osd.83	19	25	1	0	0	0	0	| 45
osd.470	201	265	33	0	0	0	0	| 499
osd.42	31	43	5	0	1	1	1	| 82
osd.745	0	0	0	61	0	0	0	| 61
osd.704	0	0	0	100	0	0	0	| 100
osd.786	0	0	0	70	0	0	0	| 70
osd.84	25	43	6	0	0	0	0	| 74
osd.471	167	247	29	0	0	0	0	| 443
osd.43	64	82	13	0	0	0	0	| 159
osd.430	178	254	32	0	0	0	0	| 464
osd.787	0	0	0	52	0	0	0	| 52
osd.705	0	0	0	94	0	0	0	| 94
osd.746	0	0	0	48	0	0	0	| 48
osd.85	20	28	7	0	1	1	1	| 58
osd.472	177	262	21	0	2	2	2	| 466
osd.44	47	67	12	0	0	0	0	| 126
osd.431	182	252	32	0	0	0	0	| 466
osd.747	0	0	0	71	0	0	0	| 71
osd.788	0	0	0	60	0	0	0	| 60
osd.706	0	0	0	95	0	0	0	| 95
osd.86	19	24	2	0	1	1	1	| 48
osd.473	162	248	26	0	0	0	0	| 436
osd.45	39	66	6	0	0	0	0	| 111
osd.432	198	273	37	0	0	0	0	| 508
osd.789	0	0	0	48	0	0	0	| 48
osd.748	0	0	0	50	0	0	0	| 50
osd.707	0	0	0	86	0	0	0	| 86
osd.87	32	43	3	0	1	1	1	| 81
osd.474	196	261	43	0	0	0	0	| 500
osd.46	58	74	9	0	1	1	1	| 144
osd.433	192	291	32	0	1	1	1	| 518
osd.749	0	0	0	52	0	0	0	| 52
osd.708	0	0	0	102	0	0	0	| 102
osd.88	32	46	7	0	0	0	0	| 85
osd.475	135	207	27	0	1	1	1	| 372
osd.47	68	99	9	0	0	0	0	| 176
osd.434	178	246	36	0	1	1	1	| 463
osd.160	39	49	5	0	0	0	0	| 93
osd.709	0	0	0	115	0	0	0	| 115
osd.161	18	26	2	0	0	0	0	| 46
osd.48	44	58	13	0	0	0	0	| 115
osd.89	38	49	2	0	0	0	0	| 89
osd.476	187	270	33	0	0	0	0	| 490
osd.435	187	277	30	0	0	0	0	| 494
osd.120	32	48	3	0	0	0	0	| 83
osd.121	21	25	1	0	0	0	0	| 47
osd.477	193	263	40	0	1	1	1	| 499
osd.49	45	67	7	0	0	0	0	| 119
osd.436	189	278	41	0	0	0	0	| 508
osd.162	13	20	2	0	0	0	0	| 35
osd.163	20	32	3	0	1	1	1	| 58
osd.478	166	252	25	0	0	0	0	| 443
osd.437	158	226	16	0	0	0	0	| 400
osd.122	19	28	1	0	0	0	0	| 48
osd.123	13	15	4	0	0	0	0	| 32
osd.164	24	29	2	0	0	0	0	| 55
osd.479	179	248	35	0	0	0	0	| 462
osd.438	167	252	28	0	1	1	1	| 450
osd.439	181	270	29	0	0	0	0	| 480
osd.165	28	33	3	0	0	0	0	| 64
osd.124	19	32	3	0	0	0	0	| 54
osd.166	25	32	2	0	0	0	0	| 59
osd.125	17	21	2	0	0	0	0	| 40
osd.0	52	69	7	0	1	1	1	| 131
osd.126	25	33	7	0	0	0	0	| 65
osd.167	38	52	11	0	0	0	0	| 101
osd.1	37	53	2	0	0	0	0	| 92
osd.127	38	48	8	0	0	0	0	| 94
osd.168	42	55	7	0	0	0	0	| 104
osd.2	55	78	8	0	0	0	0	| 141
osd.128	42	55	6	0	0	0	0	| 103
osd.169	44	61	12	0	1	1	1	| 120
osd.3	54	79	8	0	0	0	0	| 141
osd.4	50	70	7	0	0	0	0	| 127
osd.129	29	40	5	0	1	1	1	| 77
osd.5	38	59	8	0	0	0	0	| 105
osd.6	55	75	8	0	0	0	0	| 138
osd.7	41	55	4	0	0	0	0	| 100
osd.8	41	56	6	0	0	0	0	| 103
osd.9	46	63	7	0	0	0	0	| 116
osd.590	78	98	21	0	0	0	0	| 197
osd.591	45	69	10	0	0	0	0	| 124
osd.550	144	198	25	0	0	0	0	| 367
osd.592	47	70	5	0	0	0	0	| 122
osd.510	194	274	30	0	0	0	0	| 498
osd.551	133	199	20	0	0	0	0	| 352
osd.593	57	82	11	0	0	0	0	| 150
osd.511	185	265	38	0	0	0	0	| 488
osd.552	164	227	21	0	0	0	0	| 412
osd.512	185	285	40	0	0	0	0	| 510
osd.594	51	67	6	0	0	0	0	| 124
osd.553	159	227	29	0	0	0	0	| 415
osd.595	51	64	6	0	1	1	1	| 124
osd.280	52	79	8	0	0	0	0	| 139
osd.513	187	246	27	0	0	0	0	| 460
osd.554	178	238	37	0	1	1	1	| 456
osd.240	40	49	6	0	0	0	0	| 95
osd.281	43	68	8	0	0	0	0	| 119
osd.555	165	227	27	0	2	2	2	| 425
osd.514	178	262	34	0	0	0	0	| 474
osd.596	50	65	4	0	0	0	0	| 119
osd.200	31	53	4	0	1	1	1	| 91
osd.597	54	79	10	0	0	0	0	| 143
osd.282	42	54	12	0	0	0	0	| 108
osd.515	166	237	27	0	1	1	1	| 433
osd.241	14	26	5	0	1	1	1	| 48
osd.556	149	212	21	0	0	0	0	| 382
osd.242	19	24	2	0	0	0	0	| 45
osd.201	13	23	4	0	0	0	0	| 40
osd.598	60	85	9	0	0	0	0	| 154
osd.283	46	62	8	0	0	0	0	| 116
osd.516	171	245	30	0	0	0	0	| 446
osd.557	158	235	21	0	1	1	1	| 417
osd.243	22	27	4	0	0	0	0	| 53
osd.202	17	25	4	0	0	0	0	| 46
osd.284	47	61	5	0	0	0	0	| 113
osd.517	124	185	17	0	1	1	1	| 329
osd.599	63	83	19	0	0	0	0	| 165
osd.558	141	199	20	0	2	2	2	| 366
osd.244	12	17	2	0	0	0	0	| 31
osd.203	16	31	4	0	0	0	0	| 51
osd.285	61	76	10	0	0	0	0	| 147
osd.518	138	197	25	0	1	1	1	| 363
osd.559	147	216	29	0	1	1	1	| 395
osd.245	25	38	5	0	0	0	0	| 68
osd.286	58	86	8	0	0	0	0	| 152
osd.204	14	18	3	0	0	0	0	| 35
osd.519	153	212	28	0	0	0	0	| 393
osd.205	23	32	4	0	0	0	0	| 59
osd.246	21	30	1	0	0	0	0	| 52
osd.287	45	67	8	0	0	0	0	| 120
osd.247	39	54	4	0	0	0	0	| 97
osd.288	56	75	8	0	0	0	0	| 139
osd.206	13	23	1	0	0	0	0	| 37
osd.248	36	48	1	0	0	0	0	| 85
osd.207	33	53	12	0	0	0	0	| 98
osd.289	46	66	4	0	0	0	0	| 116
osd.249	48	62	8	0	0	0	0	| 118
osd.208	46	64	6	0	0	0	0	| 116
osd.209	27	37	4	0	0	0	0	| 68
osd.670	0	0	0	105	0	0	0	| 105
osd.671	0	0	0	79	0	0	0	| 79
osd.630	0	0	0	89	0	0	0	| 89
osd.672	0	0	0	104	0	0	0	| 104
osd.631	0	0	0	106	0	0	0	| 106
osd.673	0	0	0	111	0	0	0	| 111
osd.632	0	0	0	110	0	0	0	| 110
osd.674	0	0	0	108	0	0	0	| 108
osd.633	0	0	0	98	0	0	0	| 98
osd.675	0	0	0	105	0	0	0	| 105
osd.634	0	0	0	107	0	0	0	| 107
osd.360	43	63	9	0	0	0	0	| 115
osd.635	0	0	0	105	0	0	0	| 105
osd.676	0	0	0	107	0	0	0	| 107
osd.361	52	66	13	0	0	0	0	| 131
osd.320	42	57	8	0	0	0	0	| 107
osd.677	0	0	0	114	0	0	0	| 114
osd.636	0	0	0	108	0	0	0	| 108
osd.362	32	52	4	0	0	0	0	| 88
osd.321	44	66	6	0	0	0	0	| 116
osd.637	0	0	0	98	0	0	0	| 98
osd.678	0	0	0	107	0	0	0	| 107
osd.363	62	72	12	0	0	0	0	| 146
osd.322	47	67	10	0	0	0	0	| 124
osd.679	0	0	0	103	0	0	0	| 103
osd.638	0	0	0	119	0	0	0	| 119
osd.364	40	56	7	0	0	0	0	| 103
osd.323	47	66	6	0	0	0	0	| 119
osd.639	0	0	0	116	0	0	0	| 116
osd.324	48	68	7	0	0	0	0	| 123
osd.365	51	69	14	0	0	0	0	| 134
osd.366	41	53	10	0	0	0	0	| 104
osd.325	48	65	6	0	0	0	0	| 119
osd.326	43	66	8	0	1	1	1	| 120
osd.367	55	70	7	0	0	0	0	| 132
osd.368	51	67	7	0	1	1	1	| 128
osd.327	31	42	2	0	0	0	0	| 75
osd.369	46	64	9	0	0	0	0	| 119
osd.328	40	64	10	0	0	0	0	| 114
osd.329	50	75	9	0	0	0	0	| 134
osd.790	0	0	0	34	0	0	0	| 34
osd.791	0	0	0	107	0	0	0	| 107
osd.750	0	0	0	56	0	0	0	| 56
osd.792	0	0	0	96	0	0	0	| 96
osd.751	0	0	0	54	0	0	0	| 54
osd.710	0	0	0	127	0	0	0	| 127
osd.90	39	57	8	0	1	1	1	| 107
osd.793	0	0	0	106	0	0	0	| 106
osd.752	0	0	0	48	0	0	0	| 48
osd.711	0	0	0	94	0	0	0	| 94
osd.50	52	75	8	0	0	0	0	| 135
osd.91	20	28	2	0	0	0	0	| 50
osd.753	0	0	0	55	0	0	0	| 55
osd.712	0	0	0	104	0	0	0	| 104
osd.794	0	0	0	108	0	0	0	| 108
osd.92	15	21	3	0	0	0	0	| 39
osd.51	25	34	2	0	0	0	0	| 61
osd.10	51	66	10	0	0	0	0	| 127
osd.795	0	0	0	104	0	0	0	| 104
osd.713	0	0	0	122	0	0	0	| 122
osd.754	0	0	0	44	0	0	0	| 44
osd.93	15	25	4	0	0	0	0	| 44
osd.52	11	18	1	0	0	0	0	| 30
osd.480	175	245	36	0	1	1	1	| 459
osd.11	46	73	7	0	0	0	0	| 126
osd.714	0	0	0	105	0	0	0	| 105
osd.755	0	0	0	65	0	0	0	| 65
osd.796	0	0	0	104	0	0	0	| 104
osd.94	19	23	4	0	0	0	0	| 46
osd.481	181	277	24	0	0	0	1	| 483
osd.53	26	32	4	0	0	0	0	| 62
osd.440	196	269	28	0	1	1	1	| 496
osd.12	42	65	9	0	0	0	0	| 116
osd.756	0	0	0	53	0	0	0	| 53
osd.797	0	0	0	109	0	0	0	| 109
osd.715	0	0	0	110	0	0	0	| 110
osd.54	15	18	2	0	0	0	0	| 35
osd.95	18	27	5	0	0	0	0	| 50
osd.482	182	251	37	0	0	0	0	| 470
osd.441	192	263	33	0	1	1	1	| 491
osd.13	46	74	8	0	0	0	0	| 128
osd.400	183	270	32	0	0	0	0	| 485
osd.757	0	0	0	49	0	0	0	| 49
osd.716	0	0	0	94	0	0	0	| 94
osd.798	0	0	0	107	0	0	0	| 107
osd.96	20	31	3	0	0	0	0	| 54
osd.483	175	250	29	0	1	1	1	| 457
osd.55	9	16	0	0	0	0	0	| 25
osd.442	183	262	41	0	1	1	1	| 489
osd.14	56	70	11	0	0	0	0	| 137
osd.401	190	267	41	0	1	1	1	| 501
osd.717	0	0	0	98	0	0	0	| 98
osd.799	0	0	0	106	0	0	0	| 106
osd.758	0	0	0	71	0	0	0	| 71
osd.56	23	33	5	0	0	0	0	| 61
osd.97	41	55	7	0	0	0	0	| 103
osd.484	187	246	44	0	0	0	0	| 477
osd.443	185	256	28	0	0	0	0	| 469
osd.15	44	59	5	0	0	0	0	| 108
osd.402	197	273	34	0	0	0	0	| 504
osd.759	0	0	0	60	0	0	0	| 60
osd.718	0	0	0	120	0	0	0	| 120
osd.98	27	38	2	0	0	0	0	| 67
osd.170	27	41	0	0	0	0	0	| 68
osd.485	225	320	39	0	0	0	0	| 584
osd.57	27	46	3	0	0	0	0	| 76
osd.444	183	267	30	0	1	1	1	| 483
osd.16	51	74	6	0	0	0	0	| 131
osd.403	174	249	30	0	0	0	0	| 453
osd.719	0	0	0	116	0	0	0	| 116
osd.130	38	55	7	0	0	0	0	| 100
osd.99	34	47	4	0	0	0	0	| 85
osd.486	186	259	32	0	0	0	0	| 477
osd.58	32	44	3	0	0	0	0	| 79
osd.445	189	264	25	0	0	0	0	| 478
osd.17	53	76	9	0	0	0	0	| 138
osd.171	13	18	3	0	0	0	0	| 34
osd.404	175	246	22	0	1	1	1	| 446
osd.172	18	26	2	0	0	0	0	| 46
osd.59	28	41	2	0	1	1	1	| 74
osd.131	15	22	2	0	0	0	0	| 39
osd.487	175	243	24	0	1	1	1	| 445
osd.446	187	265	35	0	0	0	0	| 487
osd.18	51	79	9	0	0	0	0	| 139
osd.405	177	251	32	0	1	1	1	| 463
osd.132	11	17	2	0	0	0	0	| 30
osd.173	20	28	5	0	0	0	0	| 53
osd.488	185	247	29	0	0	0	0	| 461
osd.447	199	285	41	0	1	1	1	| 528
osd.19	40	60	9	0	0	0	0	| 109
osd.406	207	276	34	0	0	0	0	| 517
osd.174	25	33	4	0	0	0	0	| 62
osd.133	22	28	3	0	0	0	0	| 53
osd.489	174	254	39	0	0	0	0	| 467
osd.448	167	248	31	0	1	1	1	| 449
osd.407	200	285	34	0	1	1	1	| 522
osd.175	18	21	2	0	0	0	0	| 41
osd.134	19	32	3	0	0	0	0	| 54
osd.449	193	282	35	0	0	0	0	| 510
osd.408	182	259	36	0	0	0	0	| 477
osd.135	19	27	1	0	1	1	1	| 50
osd.176	23	33	5	0	0	0	0	| 61
osd.409	159	242	28	0	2	2	2	| 435
osd.177	40	50	9	0	0	0	0	| 99
osd.136	20	26	4	0	0	0	0	| 50
osd.137	36	45	6	0	0	0	0	| 87
osd.178	32	39	6	0	0	0	0	| 77
osd.138	33	45	3	0	0	0	0	| 81
osd.179	43	51	4	0	1	1	1	| 101
osd.139	31	43	7	0	0	0	0	| 81
osd.560	162	230	32	0	0	0	0	| 424
osd.561	172	228	17	0	0	0	0	| 417
osd.520	163	219	28	0	0	0	0	| 410
osd.562	181	242	25	0	1	1	1	| 451
osd.521	185	249	31	0	0	0	0	| 465
osd.563	179	255	31	0	2	2	2	| 471
osd.522	173	240	37	0	0	0	0	| 450
osd.564	183	268	34	0	1	1	1	| 488
osd.290	64	89	16	0	0	0	0	| 169
osd.523	163	230	28	0	1	1	1	| 424
osd.250	57	68	10	0	0	0	0	| 135
osd.291	48	65	8	0	0	0	0	| 121
osd.565	183	246	36	0	0	0	0	| 465
osd.524	136	199	21	0	0	0	0	| 356
osd.251	49	68	10	0	0	0	0	| 127
osd.566	167	255	18	0	0	0	0	| 440
osd.292	47	66	12	0	0	0	0	| 125
osd.525	148	226	35	0	0	0	0	| 409
osd.210	41	56	10	0	0	0	0	| 107
osd.211	17	26	3	0	0	0	0	| 46
osd.252	50	71	9	0	0	0	0	| 130
osd.567	181	283	32	0	0	0	0	| 496
osd.293	43	62	10	0	0	0	0	| 115
osd.526	147	208	30	0	3	2	2	| 392
osd.212	12	16	4	0	0	0	0	| 32
osd.294	45	57	7	0	0	0	0	| 109
osd.253	42	61	5	0	0	0	0	| 108
osd.568	193	278	34	0	4	4	4	| 517
osd.527	161	222	25	0	1	1	1	| 411
osd.295	46	60	6	0	0	0	0	| 112
osd.213	19	27	1	0	0	0	0	| 47
osd.569	191	267	30	0	0	0	0	| 488
osd.528	137	206	22	0	1	1	1	| 368
osd.254	52	78	11	0	0	0	0	| 141
osd.214	22	35	7	0	0	0	0	| 64
osd.296	47	68	7	0	0	0	0	| 122
osd.529	174	232	29	0	0	0	0	| 435
osd.255	47	64	9	0	0	0	0	| 120
osd.215	19	27	5	0	0	0	0	| 51
osd.256	45	59	7	0	0	0	0	| 111
osd.297	45	62	4	0	1	1	1	| 114
osd.216	17	25	3	0	0	0	0	| 45
osd.298	38	60	6	0	0	0	0	| 104
osd.257	45	67	9	0	0	0	0	| 121
osd.258	45	58	7	0	0	0	0	| 110
osd.217	51	62	2	0	0	0	0	| 115
osd.299	36	54	5	0	0	0	0	| 95
osd.259	46	64	7	0	0	0	0	| 117
osd.218	34	50	5	0	1	1	1	| 92
osd.219	52	66	7	0	0	0	0	| 125
osd.680	0	0	0	103	0	0	0	| 103
osd.640	0	0	0	92	0	0	0	| 92
osd.681	0	0	0	102	0	0	0	| 102
osd.682	0	0	0	115	0	0	0	| 115
osd.641	0	0	0	110	0	0	0	| 110
osd.600	45	70	9	0	0	0	0	| 124
osd.642	0	0	0	105	0	0	0	| 105
osd.683	0	0	0	113	0	0	0	| 113
osd.601	36	56	4	0	0	0	0	| 96
osd.684	0	0	0	102	0	0	0	| 102
osd.643	0	0	0	102	0	0	0	| 102
osd.602	41	59	5	0	0	0	0	| 105
osd.644	0	0	0	115	0	0	0	| 115
osd.685	0	0	0	100	0	0	0	| 100
osd.603	36	53	6	0	0	0	0	| 95
osd.370	32	54	3	0	1	1	1	| 92
osd.645	0	0	0	83	0	0	0	| 83
osd.686	0	0	0	116	0	0	0	| 116
osd.604	46	63	5	0	0	0	0	| 114
osd.371	47	68	11	0	0	0	0	| 126
osd.330	41	53	6	0	1	1	1	| 103
osd.646	0	0	0	101	0	0	0	| 101
osd.687	0	0	0	102	0	0	0	| 102
osd.372	44	69	7	0	0	0	0	| 120
osd.605	54	69	13	0	0	0	0	| 136
osd.331	38	52	10	0	0	0	0	| 100
osd.647	0	0	0	98	0	0	0	| 98
osd.688	0	0	0	112	0	0	0	| 112
osd.606	39	48	4	0	0	0	0	| 91
osd.373	47	69	10	0	0	0	0	| 126
osd.332	61	80	2	0	0	0	0	| 143
osd.648	0	0	0	79	0	0	0	| 79
osd.689	0	0	0	92	0	0	0	| 92
osd.374	51	76	12	0	0	0	0	| 139
osd.607	45	69	5	0	0	0	0	| 119
osd.333	47	67	11	0	0	0	0	| 125
osd.649	0	0	0	117	0	0	0	| 117
osd.375	40	61	6	0	0	0	0	| 107
osd.334	53	67	11	0	0	0	0	| 131
osd.608	56	74	7	0	0	0	0	| 137
osd.376	52	76	12	0	0	0	0	| 140
osd.609	46	75	9	0	0	0	0	| 130
osd.335	55	84	10	0	0	0	0	| 149
osd.336	50	73	11	0	1	1	1	| 137
osd.377	38	56	6	0	1	1	0	| 102
osd.378	50	77	14	0	0	1	1	| 143
osd.337	40	59	6	0	0	0	0	| 105
osd.338	42	57	11	0	0	0	0	| 110
osd.379	50	66	9	0	0	0	0	| 125
osd.339	46	62	8	0	0	0	0	| 116
osd.760	0	0	0	57	0	0	0	| 57
osd.761	0	0	0	60	0	0	0	| 60
osd.720	0	0	0	88	0	0	0	| 88
osd.721	0	0	0	101	0	0	0	| 101
osd.762	0	0	0	49	0	0	0	| 49
osd.60	33	50	6	0	0	0	0	| 89
osd.763	0	0	0	52	0	0	0	| 52
osd.722	0	0	0	111	0	0	0	| 111
osd.61	18	26	4	0	0	0	0	| 48
osd.20	42	64	13	0	0	0	0	| 119
osd.764	0	0	0	56	0	0	0	| 56
osd.723	0	0	0	115	0	0	0	| 115
osd.62	12	19	1	0	0	0	0	| 32
osd.21	56	76	14	0	0	0	0	| 146
osd.490	177	255	33	0	0	0	0	| 465
osd.765	0	0	0	73	0	0	0	| 73
osd.724	0	0	0	126	0	0	0	| 126
osd.63	13	18	4	0	0	0	0	| 35
osd.491	195	270	25	0	0	0	0	| 490
osd.450	164	220	30	0	0	0	0	| 414
osd.22	50	69	7	0	0	0	0	| 126
osd.766	0	0	0	55	0	0	0	| 55
osd.725	0	0	0	105	0	0	0	| 105
osd.64	13	19	1	0	0	0	0	| 33
osd.492	177	259	30	0	0	0	0	| 466
osd.451	161	232	20	0	0	0	0	| 413
osd.23	60	81	15	0	0	0	0	| 156
osd.410	187	266	39	0	0	0	0	| 492
osd.726	0	0	0	108	0	0	0	| 108
osd.767	0	0	0	53	0	0	0	| 53
osd.65	14	18	3	0	1	1	1	| 38
osd.493	187	262	36	0	1	1	1	| 488
osd.452	180	254	22	0	0	0	0	| 456
osd.24	45	61	8	0	0	0	0	| 114
osd.411	197	291	35	0	0	0	0	| 523
osd.768	0	0	0	54	0	0	0	| 54
osd.727	0	0	0	106	0	0	0	| 106
osd.66	19	24	3	0	0	0	0	| 46
osd.25	45	66	7	0	0	0	0	| 118
osd.494	199	282	28	0	1	1	1	| 512
osd.453	170	262	29	0	0	0	0	| 461
osd.412	167	259	35	0	1	1	2	| 465
osd.769	0	0	0	45	0	0	0	| 45
osd.728	0	0	0	111	0	0	0	| 111
osd.180	23	33	9	0	0	0	0	| 65
osd.495	196	261	37	0	0	0	0	| 494
osd.67	33	49	4	0	0	0	0	| 86
osd.454	165	233	30	0	0	0	0	| 428
osd.26	48	71	7	0	0	0	0	| 126
osd.413	180	270	26	0	0	0	0	| 476
osd.729	0	0	0	108	0	0	0	| 108
osd.140	33	45	8	0	0	0	0	| 86
osd.27	49	71	7	0	0	0	0	| 127
osd.496	170	234	31	0	1	1	1	| 438
osd.68	29	50	6	0	0	0	0	| 85
osd.455	193	273	29	0	0	0	0	| 495
osd.181	16	23	5	0	0	0	0	| 44
osd.414	207	298	32	0	0	0	0	| 537
osd.69	33	47	3	0	0	0	0	| 83
osd.28	56	84	8	0	0	0	0	| 148
osd.497	165	250	31	0	0	0	0	| 446
osd.456	189	269	36	0	0	0	0	| 494
osd.182	15	22	1	0	0	0	0	| 38
osd.415	175	262	27	0	1	1	1	| 467
osd.141	19	26	5	0	0	0	0	| 50
osd.100	27	47	2	0	0	0	0	| 76
osd.101	15	19	2	0	1	1	1	| 39
osd.142	21	24	3	0	0	0	0	| 48
osd.183	18	25	4	0	1	1	1	| 50
osd.498	196	270	36	0	1	1	1	| 505
osd.457	186	250	26	0	1	1	1	| 465
osd.29	53	84	9	0	0	0	0	| 146
osd.416	192	280	28	0	0	0	0	| 500
osd.102	19	27	3	0	0	0	0	| 49
osd.184	11	14	3	0	0	0	0	| 28
osd.143	23	29	2	0	0	0	0	| 54
osd.499	187	265	35	0	0	0	0	| 487
osd.458	205	267	42	0	0	0	0	| 514
osd.417	183	260	36	0	0	0	0	| 479
osd.144	12	17	1	0	0	0	0	| 30
osd.185	34	41	6	0	0	0	0	| 81
osd.103	17	26	1	0	0	0	0	| 44
osd.459	214	276	34	0	0	0	0	| 524
osd.418	183	272	31	0	0	0	0	| 486
osd.104	21	30	3	0	1	1	1	| 57
osd.186	29	38	7	0	0	0	0	| 74
osd.145	15	22	4	0	1	1	1	| 44
osd.419	180	255	39	0	0	0	0	| 474
osd.105	19	27	6	0	0	0	0	| 52
osd.187	35	57	10	0	0	0	0	| 102
osd.146	21	30	4	0	0	0	0	| 55
osd.147	29	44	7	0	0	0	0	| 80
osd.106	14	24	0	0	0	0	0	| 38
osd.188	36	46	7	0	0	0	0	| 89
osd.148	38	55	10	0	0	0	0	| 103
osd.107	37	53	7	0	0	0	0	| 97
osd.189	39	53	11	0	0	0	0	| 103
osd.149	30	51	8	0	0	0	0	| 89
osd.108	34	50	3	0	0	0	0	| 87
osd.109	38	52	9	0	0	0	0	| 99
osd.570	200	272	27	0	0	0	0	| 499
osd.530	151	215	21	0	0	0	0	| 387
osd.571	44	63	4	0	0	0	0	| 111
osd.572	40	61	6	0	0	0	0	| 107
osd.531	160	240	18	0	0	0	0	| 418
osd.573	35	60	7	0	1	1	1	| 105
osd.532	154	201	21	0	0	0	0	| 376
osd.574	40	63	9	0	0	0	0	| 112
osd.533	184	242	21	0	0	0	0	| 447
osd.260	45	60	7	0	0	0	0	| 112
osd.575	61	88	10	0	0	0	0	| 159
osd.534	129	196	23	0	0	0	0	| 348
osd.220	33	50	4	0	0	0	0	| 87
osd.261	58	80	10	0	0	0	0	| 148
osd.576	46	67	12	0	1	1	1	| 128
osd.535	147	212	35	0	0	0	0	| 394
osd.262	42	55	6	0	0	0	0	| 103
osd.221	18	24	6	0	0	0	0	| 48
osd.577	40	63	11	0	0	0	0	| 114
osd.536	150	217	16	0	0	0	0	| 383
osd.578	57	82	10	0	0	0	0	| 149
osd.263	49	69	12	0	0	0	0	| 130
osd.222	16	28	6	0	0	0	0	| 50
osd.537	157	218	27	0	1	1	1	| 405
osd.264	48	63	7	0	1	1	1	| 121
osd.223	27	38	6	0	0	0	0	| 71
osd.579	55	77	19	0	0	0	0	| 151
osd.538	148	221	24	0	1	1	1	| 396
osd.224	25	30	6	0	0	0	0	| 61
osd.265	40	62	4	0	0	0	0	| 106
osd.539	139	197	22	0	0	0	0	| 358
osd.225	11	19	2	0	0	0	0	| 32
osd.266	41	61	5	0	0	0	0	| 107
osd.267	48	66	4	0	0	0	0	| 118
osd.226	17	33	5	0	0	0	0	| 55
osd.268	35	58	7	0	0	0	0	| 100
osd.227	31	48	8	0	1	1	1	| 90
osd.228	40	50	5	0	0	0	0	| 95
osd.269	52	70	14	0	0	0	0	| 136
osd.229	41	56	6	0	0	0	0	| 103
osd.690	0	0	0	94	0	0	0	| 94
osd.650	0	0	0	103	0	0	0	| 103
osd.691	0	0	0	101	0	0	0	| 101
osd.651	0	0	0	110	0	0	0	| 110
osd.692	0	0	0	99	0	0	0	| 99
osd.610	43	63	8	0	0	0	0	| 114
osd.693	0	0	0	107	0	0	0	| 107
osd.652	0	0	0	121	0	0	0	| 121
osd.611	159	231	27	0	1	1	1	| 420
osd.694	0	0	0	89	0	0	0	| 89
osd.653	0	0	0	120	0	0	0	| 120
osd.612	165	236	25	0	1	1	1	| 429
osd.695	0	0	0	104	0	0	0	| 104
osd.654	0	0	0	104	0	0	0	| 104
osd.380	49	68	13	0	0	0	0	| 130
osd.613	135	205	24	0	1	1	1	| 367
osd.655	0	0	0	96	0	0	0	| 96
osd.696	0	0	0	103	0	0	0	| 103
osd.381	52	67	9	0	0	0	0	| 128
osd.614	149	220	24	0	1	1	1	| 396
osd.340	48	66	8	0	0	0	0	| 122
osd.656	0	0	0	123	0	0	0	| 123
osd.697	0	0	0	115	0	0	0	| 115
osd.382	48	78	7	0	0	0	0	| 133
osd.300	56	74	8	0	0	0	0	| 138
osd.615	171	230	26	0	0	0	0	| 427
osd.341	48	67	7	0	0	0	0	| 122
osd.698	0	0	0	104	0	0	0	| 104
osd.657	0	0	0	100	0	0	0	| 100
osd.301	45	60	8	0	0	0	0	| 113
osd.383	47	66	9	0	0	0	0	| 122
osd.616	144	221	24	0	0	0	0	| 389
osd.342	49	68	8	0	0	0	0	| 125
osd.699	0	0	0	119	0	0	0	| 119
osd.658	0	0	0	118	0	0	0	| 118
osd.302	42	57	4	0	0	0	0	| 103
osd.384	43	62	7	0	0	0	0	| 112
osd.617	148	207	33	0	0	0	0	| 388
osd.343	41	62	6	0	0	0	0	| 109
osd.659	0	0	0	112	0	0	0	| 112
osd.303	55	69	7	0	0	0	0	| 131
osd.385	48	62	11	0	0	0	0	| 121
osd.618	145	200	24	0	2	2	2	| 375
osd.344	53	70	7	0	0	0	0	| 130
osd.386	33	60	3	0	0	0	0	| 96
osd.304	32	49	5	0	0	0	0	| 86
osd.619	163	239	26	0	0	0	0	| 428
osd.345	54	72	7	0	0	0	0	| 133
osd.346	55	76	12	0	0	0	0	| 143
osd.305	53	77	6	0	0	0	0	| 136
osd.387	49	73	8	0	0	0	0	| 130
osd.388	52	71	10	0	0	0	0	| 133
osd.306	57	83	14	0	0	0	0	| 154
osd.347	52	63	11	0	0	0	0	| 126
osd.389	48	65	6	0	1	1	1	| 122
osd.348	63	79	7	0	0	0	0	| 149
osd.307	54	77	12	0	0	0	0	| 143
osd.308	50	70	9	0	0	0	0	| 129
osd.349	49	73	6	0	0	0	0	| 128
osd.309	46	67	12	0	0	0	0	| 125
osd.770	0	0	0	68	0	0	0	| 68
osd.771	0	0	0	43	0	0	0	| 43
osd.730	0	0	0	106	0	0	0	| 106
osd.772	0	0	0	62	0	0	0	| 62
osd.731	0	0	0	116	0	0	0	| 116
osd.70	24	33	4	0	0	0	0	| 61
osd.773	0	0	0	54	0	0	0	| 54
osd.732	0	0	0	90	0	0	0	| 90
osd.71	15	21	2	0	0	0	0	| 38
osd.30	62	88	4	0	0	0	0	| 154
osd.774	0	0	0	44	0	0	0	| 44
osd.733	0	0	0	107	0	0	0	| 107
osd.72	18	27	2	0	0	0	0	| 47
osd.31	47	74	7	0	0	0	0	| 128
osd.775	0	0	0	63	0	0	0	| 63
osd.734	0	0	0	102	0	0	0	| 102
osd.73	29	31	3	0	0	0	0	| 63
osd.460	183	264	34	0	0	0	0	| 481
osd.32	44	73	7	0	0	0	0	| 124
osd.776	0	0	0	54	0	0	0	| 54
osd.735	0	0	0	106	0	0	0	| 106
osd.33	46	68	4	0	0	0	0	| 118
osd.74	13	24	3	0	1	1	1	| 43
osd.461	167	240	33	0	0	0	0	| 440
osd.420	175	281	30	0	0	0	0	| 486
osd.777	0	0	0	62	0	0	0	| 62
osd.736	0	0	0	108	0	0	0	| 108
osd.75	35	44	6	0	0	0	0	| 85
osd.462	188	262	31	0	0	0	0	| 481
osd.34	54	79	11	0	0	0	0	| 144
osd.421	189	266	41	0	0	0	0	| 496
osd.737	0	0	0	55	0	0	0	| 55
osd.778	0	0	0	52	0	0	0	| 52
osd.76	16	23	7	0	3	3	3	| 55
osd.463	180	276	35	0	1	1	1	| 494
osd.35	51	67	8	0	0	0	0	| 126
osd.422	168	243	30	0	1	1	1	| 444
osd.779	0	0	0	47	0	0	0	| 47
osd.738	0	0	0	53	0	0	0	| 53
osd.36	51	73	5	0	0	0	0	| 129
osd.77	24	34	3	0	1	0	0	| 62
osd.464	186	254	22	0	0	0	0	| 462
osd.190	35	46	6	0	0	0	0	| 87
osd.423	199	274	34	0	0	0	0	| 507
osd.739	0	0	0	48	0	0	0	| 48
osd.37	41	70	5	0	0	0	0	| 116
osd.191	19	26	4	0	0	0	0	| 49
osd.78	31	53	5	0	0	0	0	| 89
osd.465	192	252	27	0	0	0	0	| 471
osd.424	171	241	28	0	1	1	1	| 443
osd.150	37	52	7	0	0	0	0	| 96
osd.192	22	31	4	0	0	0	0	| 57
osd.110	40	53	6	0	1	1	1	| 102
osd.151	18	30	3	0	0	0	0	| 51
osd.79	24	41	5	0	0	0	0	| 70
osd.466	213	290	33	0	0	0	0	| 536
osd.38	56	81	10	0	0	0	0	| 147
osd.425	204	285	33	0	0	0	0	| 522
osd.467	170	239	29	0	2	2	2	| 444
osd.39	51	75	7	0	1	1	1	| 136
osd.193	17	29	2	0	0	0	0	| 48
osd.426	164	238	26	0	1	1	1	| 431
osd.152	16	25	2	0	0	0	0	| 43
osd.111	24	32	5	0	0	0	0	| 61
osd.153	17	24	0	0	0	0	0	| 41
osd.112	18	26	1	0	1	1	1	| 48
osd.468	180	242	26	0	0	0	0	| 448
osd.194	18	26	3	0	0	0	0	| 47
osd.427	193	275	33	0	1	1	1	| 504
osd.195	15	22	2	0	0	0	0	| 39
osd.469	202	268	40	0	0	0	0	| 510
osd.428	168	251	23	0	0	0	0	| 442
osd.154	12	15	2	0	0	0	0	| 29
osd.113	21	29	2	0	0	0	0	| 52
osd.196	19	24	3	0	0	0	0	| 46
osd.114	22	33	4	0	0	0	0	| 59
osd.429	186	263	36	0	0	0	0	| 485
osd.155	21	26	4	0	0	1	1	| 53
osd.197	30	38	3	0	0	0	0	| 71
osd.115	23	35	7	0	0	0	0	| 65
osd.156	19	30	1	0	0	0	0	| 50
osd.198	45	49	9	0	0	0	0	| 103
osd.116	20	25	4	0	0	0	0	| 49
osd.157	38	49	5	0	1	1	1	| 95
osd.158	35	53	5	0	0	0	0	| 93
osd.199	46	57	6	0	1	1	1	| 112
osd.117	36	50	6	0	0	0	0	| 92
osd.118	31	45	8	0	0	0	0	| 84
osd.159	43	52	10	0	1	1	1	| 108
osd.119	32	48	4	0	0	0	0	| 84
osd.580	54	65	6	0	0	0	0	| 125
osd.581	51	75	11	0	0	0	0	| 137
osd.540	160	212	29	0	0	0	0	| 401
osd.582	37	60	1	0	0	0	0	| 98
osd.541	143	194	27	0	2	2	2	| 370
osd.500	186	260	35	0	0	0	0	| 481
osd.542	144	205	23	0	1	1	1	| 375
osd.583	49	68	7	0	0	0	0	| 124
osd.501	168	244	25	0	1	1	1	| 440
osd.584	40	60	5	0	0	0	0	| 105
osd.543	134	199	16	0	0	0	0	| 349
osd.502	171	211	22	0	0	0	0	| 404
osd.585	52	75	6	0	0	0	0	| 133
osd.544	165	225	28	0	1	1	1	| 421
osd.270	56	77	14	0	0	0	0	| 147
osd.503	211	294	40	0	2	2	2	| 551
osd.230	39	48	6	0	0	0	0	| 93
osd.545	149	210	26	0	0	0	0	| 385
osd.271	51	71	5	0	0	0	0	| 127
osd.586	47	69	12	0	0	0	0	| 128
osd.504	188	252	36	0	0	0	0	| 476
osd.587	41	53	6	0	0	0	0	| 100
osd.546	158	237	33	0	0	0	0	| 428
osd.272	38	60	6	0	0	0	0	| 104
osd.505	192	281	35	0	0	0	0	| 508
osd.231	27	38	3	0	0	0	0	| 68
osd.506	198	262	33	0	1	1	1	| 496
osd.588	55	74	5	0	0	0	0	| 134
osd.547	197	264	41	0	1	1	1	| 505
osd.273	42	60	11	0	0	0	0	| 113
osd.232	13	21	3	0	0	0	0	| 37
osd.233	22	38	2	0	0	0	0	| 62
osd.589	46	65	12	0	0	0	0	| 123
osd.548	157	218	27	0	0	0	0	| 402
osd.274	53	84	8	0	0	0	0	| 145
osd.507	177	262	32	0	0	0	0	| 471
osd.234	22	29	6	0	0	0	0	| 57
osd.549	140	199	24	0	1	1	1	| 366
osd.275	52	77	5	0	0	0	0	| 134
osd.508	205	266	34	0	1	1	1	| 508
osd.235	10	19	2	0	0	0	0	| 31
osd.276	48	66	3	0	0	0	0	| 117
osd.509	190	257	26	0	1	1	1	| 476
osd.277	38	53	8	0	0	0	0	| 99
osd.236	26	32	2	0	0	0	0	| 60
osd.278	58	74	11	0	0	0	0	| 143
osd.237	43	54	8	0	0	0	0	| 105
osd.279	34	50	4	0	0	0	0	| 88
osd.238	40	61	5	0	0	0	0	| 106
osd.239	37	58	1	0	0	0	0	| 96
osd.660	0	0	0	106	0	0	0	| 106
osd.661	0	0	0	101	0	0	0	| 101
osd.620	0	0	0	112	0	0	0	| 112
osd.621	0	0	0	118	0	0	0	| 118
osd.662	0	0	0	101	0	0	0	| 101
osd.622	0	0	0	95	0	0	0	| 95
osd.663	0	0	0	118	0	0	0	| 118
osd.664	0	0	0	99	0	0	0	| 99
osd.623	0	0	0	93	0	0	0	| 93
osd.390	46	69	8	0	0	0	0	| 123
osd.624	0	0	0	118	0	0	0	| 118
osd.665	0	0	0	111	0	0	0	| 111
osd.391	52	70	10	0	1	1	1	| 135
osd.350	43	59	4	0	0	0	0	| 106
osd.625	0	0	0	123	0	0	0	| 123
osd.666	0	0	0	122	0	0	0	| 122
osd.392	29	51	6	0	0	0	0	| 86
osd.351	37	60	6	0	0	0	0	| 103
osd.310	47	63	10	0	0	0	0	| 120
osd.626	0	0	0	132	0	0	0	| 132
osd.667	0	0	0	103	0	0	0	| 103
osd.352	49	64	6	0	0	0	0	| 119
osd.393	45	60	7	0	0	0	0	| 112
osd.311	40	56	5	0	0	0	0	| 101
osd.668	0	0	0	110	0	0	0	| 110
osd.627	0	0	0	116	0	0	0	| 116
osd.312	49	64	7	0	0	0	0	| 120
osd.394	40	54	6	0	0	0	0	| 100
osd.353	51	70	10	0	0	0	0	| 131
osd.669	0	0	0	101	0	0	0	| 101
osd.628	0	0	0	137	0	0	0	| 137
osd.313	50	75	8	0	0	0	0	| 133
osd.395	43	60	10	0	1	1	1	| 116
osd.354	58	79	12	0	0	0	0	| 149
osd.629	0	0	0	106	0	0	0	| 106
osd.314	50	77	9	0	0	0	0	| 136
osd.396	51	76	6	0	0	0	0	| 133
osd.355	46	66	10	0	0	0	0	| 122
osd.315	52	70	6	0	0	0	0	| 128
osd.397	43	65	7	0	0	0	0	| 115
osd.356	52	73	8	0	1	1	0	| 135
osd.357	53	81	10	0	0	0	0	| 144
osd.398	50	75	6	0	0	0	0	| 131
osd.316	40	69	6	0	0	0	0	| 115
osd.358	43	59	6	0	0	0	0	| 108
osd.317	50	70	8	0	0	0	0	| 128
osd.399	36	64	10	0	0	0	0	| 110
osd.359	39	59	7	0	0	0	0	| 105
osd.318	36	62	10	0	0	0	0	| 108
osd.319	46	69	10	0	0	0	0	| 125
------------------------------------------------------------------------
SUM :	48000	68000	8192	16384	128	128	128	|
